"","SP.Syn.Breast-AdenoCA::S.1","SP.Syn.Breast-AdenoCA::S.2","SP.Syn.Breast-AdenoCA::S.3","SP.Syn.Breast-AdenoCA::S.4","SP.Syn.Breast-AdenoCA::S.5","SP.Syn.Breast-AdenoCA::S.6","SP.Syn.Breast-AdenoCA::S.7","SP.Syn.Breast-AdenoCA::S.8","SP.Syn.Breast-AdenoCA::S.9","SP.Syn.Breast-AdenoCA::S.10","SP.Syn.Breast-AdenoCA::S.11","SP.Syn.Breast-AdenoCA::S.12","SP.Syn.Breast-AdenoCA::S.13","SP.Syn.Breast-AdenoCA::S.14","SP.Syn.Breast-AdenoCA::S.15","SP.Syn.Breast-AdenoCA::S.16","SP.Syn.Breast-AdenoCA::S.17","SP.Syn.Breast-AdenoCA::S.18","SP.Syn.Breast-AdenoCA::S.19","SP.Syn.Breast-AdenoCA::S.20","SP.Syn.Breast-AdenoCA::S.21","SP.Syn.Breast-AdenoCA::S.22","SP.Syn.Breast-AdenoCA::S.23","SP.Syn.Breast-AdenoCA::S.24","SP.Syn.Breast-AdenoCA::S.25","SP.Syn.Breast-AdenoCA::S.26","SP.Syn.Breast-AdenoCA::S.27","SP.Syn.Breast-AdenoCA::S.28","SP.Syn.Breast-AdenoCA::S.29","SP.Syn.Breast-AdenoCA::S.30","SP.Syn.Breast-AdenoCA::S.31","SP.Syn.Breast-AdenoCA::S.32","SP.Syn.Breast-AdenoCA::S.33","SP.Syn.Breast-AdenoCA::S.34","SP.Syn.Breast-AdenoCA::S.35","SP.Syn.Breast-AdenoCA::S.36","SP.Syn.Breast-AdenoCA::S.37","SP.Syn.Breast-AdenoCA::S.38","SP.Syn.Breast-AdenoCA::S.39","SP.Syn.Breast-AdenoCA::S.40","SP.Syn.Breast-AdenoCA::S.41","SP.Syn.Breast-AdenoCA::S.42","SP.Syn.Breast-AdenoCA::S.43","SP.Syn.Breast-AdenoCA::S.44","SP.Syn.Breast-AdenoCA::S.45","SP.Syn.Breast-AdenoCA::S.46","SP.Syn.Breast-AdenoCA::S.47","SP.Syn.Breast-AdenoCA::S.48","SP.Syn.Breast-AdenoCA::S.49","SP.Syn.Breast-AdenoCA::S.50","SP.Syn.Breast-AdenoCA::S.51","SP.Syn.Breast-AdenoCA::S.52","SP.Syn.Breast-AdenoCA::S.53","SP.Syn.Breast-AdenoCA::S.54","SP.Syn.Breast-AdenoCA::S.55","SP.Syn.Breast-AdenoCA::S.56","SP.Syn.Breast-AdenoCA::S.57","SP.Syn.Breast-AdenoCA::S.58","SP.Syn.Breast-AdenoCA::S.59","SP.Syn.Breast-AdenoCA::S.60","SP.Syn.ColoRect-AdenoCA::S.1","SP.Syn.ColoRect-AdenoCA::S.2","SP.Syn.ColoRect-AdenoCA::S.3","SP.Syn.ColoRect-AdenoCA::S.4","SP.Syn.ColoRect-AdenoCA::S.5","SP.Syn.ColoRect-AdenoCA::S.6","SP.Syn.ColoRect-AdenoCA::S.7","SP.Syn.ColoRect-AdenoCA::S.8","SP.Syn.ColoRect-AdenoCA::S.9","SP.Syn.ColoRect-AdenoCA::S.10","SP.Syn.ColoRect-AdenoCA::S.11","SP.Syn.ColoRect-AdenoCA::S.12","SP.Syn.ColoRect-AdenoCA::S.13","SP.Syn.ColoRect-AdenoCA::S.14","SP.Syn.ColoRect-AdenoCA::S.15","SP.Syn.ColoRect-AdenoCA::S.16","SP.Syn.ColoRect-AdenoCA::S.17","SP.Syn.ColoRect-AdenoCA::S.18","SP.Syn.ColoRect-AdenoCA::S.19","SP.Syn.ColoRect-AdenoCA::S.20","SP.Syn.ColoRect-AdenoCA::S.21","SP.Syn.ColoRect-AdenoCA::S.22","SP.Syn.ColoRect-AdenoCA::S.23","SP.Syn.ColoRect-AdenoCA::S.24","SP.Syn.ColoRect-AdenoCA::S.25","SP.Syn.ColoRect-AdenoCA::S.26","SP.Syn.ColoRect-AdenoCA::S.27","SP.Syn.ColoRect-AdenoCA::S.28","SP.Syn.ColoRect-AdenoCA::S.29","SP.Syn.ColoRect-AdenoCA::S.30","SP.Syn.ColoRect-AdenoCA::S.31","SP.Syn.ColoRect-AdenoCA::S.32","SP.Syn.ColoRect-AdenoCA::S.33","SP.Syn.ColoRect-AdenoCA::S.34","SP.Syn.ColoRect-AdenoCA::S.35","SP.Syn.ColoRect-AdenoCA::S.36","SP.Syn.ColoRect-AdenoCA::S.37","SP.Syn.ColoRect-AdenoCA::S.38","SP.Syn.ColoRect-AdenoCA::S.39","SP.Syn.ColoRect-AdenoCA::S.40","SP.Syn.ColoRect-AdenoCA::S.41","SP.Syn.ColoRect-AdenoCA::S.42","SP.Syn.ColoRect-AdenoCA::S.43","SP.Syn.ColoRect-AdenoCA::S.44","SP.Syn.ColoRect-AdenoCA::S.45","SP.Syn.ColoRect-AdenoCA::S.46","SP.Syn.ColoRect-AdenoCA::S.47","SP.Syn.ColoRect-AdenoCA::S.48","SP.Syn.ColoRect-AdenoCA::S.49","SP.Syn.ColoRect-AdenoCA::S.50","SP.Syn.ColoRect-AdenoCA::MSI-H.S.1","SP.Syn.ColoRect-AdenoCA::MSI-H.S.2","SP.Syn.ColoRect-AdenoCA::MSI-H.S.3","SP.Syn.ColoRect-AdenoCA::MSI-H.S.4","SP.Syn.ColoRect-AdenoCA::MSI-H.S.5","SP.Syn.ColoRect-AdenoCA::MSI-H.S.6","SP.Syn.ColoRect-AdenoCA::MSI-H.S.7","SP.Syn.ColoRect-AdenoCA::MSI-H.S.8","SP.Syn.ColoRect-AdenoCA::MSI-H.S.9","SP.Syn.ColoRect-AdenoCA::MSI-H.S.10","SP.Syn.Eso-AdenoCA::S.1","SP.Syn.Eso-AdenoCA::S.2","SP.Syn.Eso-AdenoCA::S.3","SP.Syn.Eso-AdenoCA::S.4","SP.Syn.Eso-AdenoCA::S.5","SP.Syn.Eso-AdenoCA::S.6","SP.Syn.Eso-AdenoCA::S.7","SP.Syn.Eso-AdenoCA::S.8","SP.Syn.Eso-AdenoCA::S.9","SP.Syn.Eso-AdenoCA::S.10","SP.Syn.Eso-AdenoCA::S.11","SP.Syn.Eso-AdenoCA::S.12","SP.Syn.Eso-AdenoCA::S.13","SP.Syn.Eso-AdenoCA::S.14","SP.Syn.Eso-AdenoCA::S.15","SP.Syn.Eso-AdenoCA::S.16","SP.Syn.Eso-AdenoCA::S.17","SP.Syn.Eso-AdenoCA::S.18","SP.Syn.Eso-AdenoCA::S.19","SP.Syn.Eso-AdenoCA::S.20","SP.Syn.Eso-AdenoCA::S.21","SP.Syn.Eso-AdenoCA::S.22","SP.Syn.Eso-AdenoCA::S.23","SP.Syn.Eso-AdenoCA::S.24","SP.Syn.Eso-AdenoCA::S.25","SP.Syn.Eso-AdenoCA::S.26","SP.Syn.Eso-AdenoCA::S.27","SP.Syn.Eso-AdenoCA::S.28","SP.Syn.Eso-AdenoCA::S.29","SP.Syn.Eso-AdenoCA::S.30","SP.Syn.Eso-AdenoCA::S.31","SP.Syn.Eso-AdenoCA::S.32","SP.Syn.Eso-AdenoCA::S.33","SP.Syn.Eso-AdenoCA::S.34","SP.Syn.Eso-AdenoCA::S.35","SP.Syn.Eso-AdenoCA::S.36","SP.Syn.Eso-AdenoCA::S.37","SP.Syn.Eso-AdenoCA::S.38","SP.Syn.Eso-AdenoCA::S.39","SP.Syn.Eso-AdenoCA::S.40","SP.Syn.Eso-AdenoCA::S.41","SP.Syn.Eso-AdenoCA::S.42","SP.Syn.Eso-AdenoCA::S.43","SP.Syn.Eso-AdenoCA::S.44","SP.Syn.Eso-AdenoCA::S.45","SP.Syn.Eso-AdenoCA::S.46","SP.Syn.Eso-AdenoCA::S.47","SP.Syn.Eso-AdenoCA::S.48","SP.Syn.Eso-AdenoCA::S.49","SP.Syn.Eso-AdenoCA::S.50","SP.Syn.Eso-AdenoCA::S.51","SP.Syn.Eso-AdenoCA::S.52","SP.Syn.Eso-AdenoCA::S.53","SP.Syn.Eso-AdenoCA::S.54","SP.Syn.Eso-AdenoCA::S.55","SP.Syn.Eso-AdenoCA::S.56","SP.Syn.Eso-AdenoCA::S.57","SP.Syn.Eso-AdenoCA::S.58","SP.Syn.Eso-AdenoCA::S.59","SP.Syn.Eso-AdenoCA::S.60","SP.Syn.Kidney-RCC::S.1","SP.Syn.Kidney-RCC::S.2","SP.Syn.Kidney-RCC::S.3","SP.Syn.Kidney-RCC::S.4","SP.Syn.Kidney-RCC::S.5","SP.Syn.Kidney-RCC::S.6","SP.Syn.Kidney-RCC::S.7","SP.Syn.Kidney-RCC::S.8","SP.Syn.Kidney-RCC::S.9","SP.Syn.Kidney-RCC::S.10","SP.Syn.Kidney-RCC::S.11","SP.Syn.Kidney-RCC::S.12","SP.Syn.Kidney-RCC::S.13","SP.Syn.Kidney-RCC::S.14","SP.Syn.Kidney-RCC::S.15","SP.Syn.Kidney-RCC::S.16","SP.Syn.Kidney-RCC::S.17","SP.Syn.Kidney-RCC::S.18","SP.Syn.Kidney-RCC::S.19","SP.Syn.Kidney-RCC::S.20","SP.Syn.Kidney-RCC::S.21","SP.Syn.Kidney-RCC::S.22","SP.Syn.Kidney-RCC::S.23","SP.Syn.Kidney-RCC::S.24","SP.Syn.Kidney-RCC::S.25","SP.Syn.Kidney-RCC::S.26","SP.Syn.Kidney-RCC::S.27","SP.Syn.Kidney-RCC::S.28","SP.Syn.Kidney-RCC::S.29","SP.Syn.Kidney-RCC::S.30","SP.Syn.Kidney-RCC::S.31","SP.Syn.Kidney-RCC::S.32","SP.Syn.Kidney-RCC::S.33","SP.Syn.Kidney-RCC::S.34","SP.Syn.Kidney-RCC::S.35","SP.Syn.Kidney-RCC::S.36","SP.Syn.Kidney-RCC::S.37","SP.Syn.Kidney-RCC::S.38","SP.Syn.Kidney-RCC::S.39","SP.Syn.Kidney-RCC::S.40","SP.Syn.Kidney-RCC::S.41","SP.Syn.Kidney-RCC::S.42","SP.Syn.Kidney-RCC::S.43","SP.Syn.Kidney-RCC::S.44","SP.Syn.Kidney-RCC::S.45","SP.Syn.Kidney-RCC::S.46","SP.Syn.Kidney-RCC::S.47","SP.Syn.Kidney-RCC::S.48","SP.Syn.Kidney-RCC::S.49","SP.Syn.Kidney-RCC::S.50","SP.Syn.Kidney-RCC::S.51","SP.Syn.Kidney-RCC::S.52","SP.Syn.Kidney-RCC::S.53","SP.Syn.Kidney-RCC::S.54","SP.Syn.Kidney-RCC::S.55","SP.Syn.Kidney-RCC::S.56","SP.Syn.Kidney-RCC::S.57","SP.Syn.Kidney-RCC::S.58","SP.Syn.Kidney-RCC::S.59","SP.Syn.Kidney-RCC::MSI-H.S.1","SP.Syn.Liver-HCC::S.1","SP.Syn.Liver-HCC::S.2","SP.Syn.Liver-HCC::S.3","SP.Syn.Liver-HCC::S.4","SP.Syn.Liver-HCC::S.5","SP.Syn.Liver-HCC::S.6","SP.Syn.Liver-HCC::S.7","SP.Syn.Liver-HCC::S.8","SP.Syn.Liver-HCC::S.9","SP.Syn.Liver-HCC::S.10","SP.Syn.Liver-HCC::S.11","SP.Syn.Liver-HCC::S.12","SP.Syn.Liver-HCC::S.13","SP.Syn.Liver-HCC::S.14","SP.Syn.Liver-HCC::S.15","SP.Syn.Liver-HCC::S.16","SP.Syn.Liver-HCC::S.17","SP.Syn.Liver-HCC::S.18","SP.Syn.Liver-HCC::S.19","SP.Syn.Liver-HCC::S.20","SP.Syn.Liver-HCC::S.21","SP.Syn.Liver-HCC::S.22","SP.Syn.Liver-HCC::S.23","SP.Syn.Liver-HCC::S.24","SP.Syn.Liver-HCC::S.25","SP.Syn.Liver-HCC::S.27","SP.Syn.Liver-HCC::S.28","SP.Syn.Liver-HCC::S.29","SP.Syn.Liver-HCC::S.30","SP.Syn.Liver-HCC::S.31","SP.Syn.Liver-HCC::S.32","SP.Syn.Liver-HCC::S.33","SP.Syn.Liver-HCC::S.34","SP.Syn.Liver-HCC::S.35","SP.Syn.Liver-HCC::S.36","SP.Syn.Liver-HCC::S.37","SP.Syn.Liver-HCC::S.38","SP.Syn.Liver-HCC::S.39","SP.Syn.Liver-HCC::S.40","SP.Syn.Liver-HCC::S.41","SP.Syn.Liver-HCC::S.42","SP.Syn.Liver-HCC::S.43","SP.Syn.Liver-HCC::S.44","SP.Syn.Liver-HCC::S.45","SP.Syn.Liver-HCC::S.46","SP.Syn.Liver-HCC::S.47","SP.Syn.Liver-HCC::S.48","SP.Syn.Liver-HCC::S.49","SP.Syn.Liver-HCC::S.50","SP.Syn.Liver-HCC::S.51","SP.Syn.Liver-HCC::S.52","SP.Syn.Liver-HCC::S.53","SP.Syn.Liver-HCC::S.54","SP.Syn.Liver-HCC::S.55","SP.Syn.Liver-HCC::S.56","SP.Syn.Liver-HCC::S.57","SP.Syn.Liver-HCC::S.58","SP.Syn.Liver-HCC::S.59","SP.Syn.Liver-HCC::S.60","SP.Syn.Lung-AdenoCA::S.1","SP.Syn.Lung-AdenoCA::S.2","SP.Syn.Lung-AdenoCA::S.3","SP.Syn.Lung-AdenoCA::S.4","SP.Syn.Lung-AdenoCA::S.5","SP.Syn.Lung-AdenoCA::S.6","SP.Syn.Lung-AdenoCA::S.7","SP.Syn.Lung-AdenoCA::S.8","SP.Syn.Lung-AdenoCA::S.9","SP.Syn.Lung-AdenoCA::S.10","SP.Syn.Lung-AdenoCA::S.11","SP.Syn.Lung-AdenoCA::S.12","SP.Syn.Lung-AdenoCA::S.13","SP.Syn.Lung-AdenoCA::S.14","SP.Syn.Lung-AdenoCA::S.15","SP.Syn.Lung-AdenoCA::S.16","SP.Syn.Lung-AdenoCA::S.17","SP.Syn.Lung-AdenoCA::S.18","SP.Syn.Lung-AdenoCA::S.19","SP.Syn.Lung-AdenoCA::S.20","SP.Syn.Lung-AdenoCA::S.21","SP.Syn.Lung-AdenoCA::S.22","SP.Syn.Lung-AdenoCA::S.23","SP.Syn.Lung-AdenoCA::S.24","SP.Syn.Lung-AdenoCA::S.25","SP.Syn.Lung-AdenoCA::S.26","SP.Syn.Lung-AdenoCA::S.27","SP.Syn.Lung-AdenoCA::S.28","SP.Syn.Lung-AdenoCA::S.29","SP.Syn.Lung-AdenoCA::S.30","SP.Syn.Lung-AdenoCA::S.31","SP.Syn.Lung-AdenoCA::S.32","SP.Syn.Lung-AdenoCA::S.33","SP.Syn.Lung-AdenoCA::S.34","SP.Syn.Lung-AdenoCA::S.35","SP.Syn.Lung-AdenoCA::S.36","SP.Syn.Lung-AdenoCA::S.37","SP.Syn.Lung-AdenoCA::S.38","SP.Syn.Lung-AdenoCA::S.39","SP.Syn.Lung-AdenoCA::S.40","SP.Syn.Lung-AdenoCA::S.41","SP.Syn.Lung-AdenoCA::S.42","SP.Syn.Lung-AdenoCA::S.43","SP.Syn.Lung-AdenoCA::S.44","SP.Syn.Lung-AdenoCA::S.45","SP.Syn.Lung-AdenoCA::S.46","SP.Syn.Lung-AdenoCA::S.47","SP.Syn.Lung-AdenoCA::S.48","SP.Syn.Lung-AdenoCA::S.49","SP.Syn.Lung-AdenoCA::S.50","SP.Syn.Lung-AdenoCA::S.51","SP.Syn.Lung-AdenoCA::S.52","SP.Syn.Lung-AdenoCA::S.53","SP.Syn.Lung-AdenoCA::S.54","SP.Syn.Lung-AdenoCA::S.55","SP.Syn.Lung-AdenoCA::S.56","SP.Syn.Lung-AdenoCA::S.57","SP.Syn.Lung-AdenoCA::S.58","SP.Syn.Lung-AdenoCA::S.59","SP.Syn.Lung-AdenoCA::S.60","SP.Syn.Ovary-AdenoCA::S.1","SP.Syn.Ovary-AdenoCA::S.3","SP.Syn.Ovary-AdenoCA::S.4","SP.Syn.Ovary-AdenoCA::S.5","SP.Syn.Ovary-AdenoCA::S.6","SP.Syn.Ovary-AdenoCA::S.7","SP.Syn.Ovary-AdenoCA::S.8","SP.Syn.Ovary-AdenoCA::S.9","SP.Syn.Ovary-AdenoCA::S.10","SP.Syn.Ovary-AdenoCA::S.11","SP.Syn.Ovary-AdenoCA::S.12","SP.Syn.Ovary-AdenoCA::S.13","SP.Syn.Ovary-AdenoCA::S.14","SP.Syn.Ovary-AdenoCA::S.15","SP.Syn.Ovary-AdenoCA::S.16","SP.Syn.Ovary-AdenoCA::S.17","SP.Syn.Ovary-AdenoCA::S.18","SP.Syn.Ovary-AdenoCA::S.19","SP.Syn.Ovary-AdenoCA::S.20","SP.Syn.Ovary-AdenoCA::S.21","SP.Syn.Ovary-AdenoCA::S.22","SP.Syn.Ovary-AdenoCA::S.23","SP.Syn.Ovary-AdenoCA::S.24","SP.Syn.Ovary-AdenoCA::S.25","SP.Syn.Ovary-AdenoCA::S.26","SP.Syn.Ovary-AdenoCA::S.27","SP.Syn.Ovary-AdenoCA::S.28","SP.Syn.Ovary-AdenoCA::S.29","SP.Syn.Ovary-AdenoCA::S.30","SP.Syn.Ovary-AdenoCA::S.31","SP.Syn.Ovary-AdenoCA::S.32","SP.Syn.Ovary-AdenoCA::S.33","SP.Syn.Ovary-AdenoCA::S.34","SP.Syn.Ovary-AdenoCA::S.35","SP.Syn.Ovary-AdenoCA::S.36","SP.Syn.Ovary-AdenoCA::S.38","SP.Syn.Ovary-AdenoCA::S.39","SP.Syn.Ovary-AdenoCA::S.40","SP.Syn.Ovary-AdenoCA::S.41","SP.Syn.Ovary-AdenoCA::S.42","SP.Syn.Ovary-AdenoCA::S.43","SP.Syn.Ovary-AdenoCA::S.44","SP.Syn.Ovary-AdenoCA::S.45","SP.Syn.Ovary-AdenoCA::S.46","SP.Syn.Ovary-AdenoCA::S.47","SP.Syn.Ovary-AdenoCA::S.48","SP.Syn.Ovary-AdenoCA::S.49","SP.Syn.Ovary-AdenoCA::S.50","SP.Syn.Ovary-AdenoCA::S.51","SP.Syn.Ovary-AdenoCA::S.52","SP.Syn.Ovary-AdenoCA::S.53","SP.Syn.Ovary-AdenoCA::S.54","SP.Syn.Ovary-AdenoCA::S.55","SP.Syn.Ovary-AdenoCA::S.56","SP.Syn.Ovary-AdenoCA::S.57","SP.Syn.Ovary-AdenoCA::S.58","SP.Syn.Ovary-AdenoCA::S.59","SP.Syn.Ovary-AdenoCA::S.60","SP.Syn.Skin-Melanoma::S.1","SP.Syn.Skin-Melanoma::S.2","SP.Syn.Skin-Melanoma::S.3","SP.Syn.Skin-Melanoma::S.4","SP.Syn.Skin-Melanoma::S.5","SP.Syn.Skin-Melanoma::S.6","SP.Syn.Skin-Melanoma::S.7","SP.Syn.Skin-Melanoma::S.8","SP.Syn.Skin-Melanoma::S.9","SP.Syn.Skin-Melanoma::S.10","SP.Syn.Skin-Melanoma::S.11","SP.Syn.Skin-Melanoma::S.12","SP.Syn.Skin-Melanoma::S.13","SP.Syn.Skin-Melanoma::S.14","SP.Syn.Skin-Melanoma::S.15","SP.Syn.Skin-Melanoma::S.16","SP.Syn.Skin-Melanoma::S.17","SP.Syn.Skin-Melanoma::S.18","SP.Syn.Skin-Melanoma::S.19","SP.Syn.Skin-Melanoma::S.20","SP.Syn.Skin-Melanoma::S.21","SP.Syn.Skin-Melanoma::S.22","SP.Syn.Skin-Melanoma::S.23","SP.Syn.Skin-Melanoma::S.24","SP.Syn.Skin-Melanoma::S.25","SP.Syn.Skin-Melanoma::S.26","SP.Syn.Skin-Melanoma::S.27","SP.Syn.Skin-Melanoma::S.28","SP.Syn.Skin-Melanoma::S.29","SP.Syn.Skin-Melanoma::S.30","SP.Syn.Skin-Melanoma::S.31","SP.Syn.Skin-Melanoma::S.32","SP.Syn.Skin-Melanoma::S.33","SP.Syn.Skin-Melanoma::S.34","SP.Syn.Skin-Melanoma::S.35","SP.Syn.Skin-Melanoma::S.36","SP.Syn.Skin-Melanoma::S.37","SP.Syn.Skin-Melanoma::S.38","SP.Syn.Skin-Melanoma::S.39","SP.Syn.Skin-Melanoma::S.40","SP.Syn.Skin-Melanoma::S.41","SP.Syn.Skin-Melanoma::S.42","SP.Syn.Skin-Melanoma::S.43","SP.Syn.Skin-Melanoma::S.44","SP.Syn.Skin-Melanoma::S.45","SP.Syn.Skin-Melanoma::S.46","SP.Syn.Skin-Melanoma::S.47","SP.Syn.Skin-Melanoma::S.48","SP.Syn.Skin-Melanoma::S.49","SP.Syn.Skin-Melanoma::S.50","SP.Syn.Skin-Melanoma::S.51","SP.Syn.Skin-Melanoma::S.52","SP.Syn.Skin-Melanoma::S.53","SP.Syn.Skin-Melanoma::S.54","SP.Syn.Skin-Melanoma::S.55","SP.Syn.Skin-Melanoma::S.56","SP.Syn.Skin-Melanoma::S.57","SP.Syn.Skin-Melanoma::S.58","SP.Syn.Skin-Melanoma::S.59","SP.Syn.Skin-Melanoma::MSI-H.S.1","SP.Syn.Stomach-AdenoCA::S.1","SP.Syn.Stomach-AdenoCA::S.2","SP.Syn.Stomach-AdenoCA::S.3","SP.Syn.Stomach-AdenoCA::S.4","SP.Syn.Stomach-AdenoCA::S.5","SP.Syn.Stomach-AdenoCA::S.6","SP.Syn.Stomach-AdenoCA::S.7","SP.Syn.Stomach-AdenoCA::S.8","SP.Syn.Stomach-AdenoCA::S.9","SP.Syn.Stomach-AdenoCA::S.10","SP.Syn.Stomach-AdenoCA::S.11","SP.Syn.Stomach-AdenoCA::S.12","SP.Syn.Stomach-AdenoCA::S.13","SP.Syn.Stomach-AdenoCA::S.14","SP.Syn.Stomach-AdenoCA::S.15","SP.Syn.Stomach-AdenoCA::S.16","SP.Syn.Stomach-AdenoCA::S.17","SP.Syn.Stomach-AdenoCA::S.18","SP.Syn.Stomach-AdenoCA::S.19","SP.Syn.Stomach-AdenoCA::S.20","SP.Syn.Stomach-AdenoCA::S.21","SP.Syn.Stomach-AdenoCA::S.22","SP.Syn.Stomach-AdenoCA::S.23","SP.Syn.Stomach-AdenoCA::S.24","SP.Syn.Stomach-AdenoCA::S.25","SP.Syn.Stomach-AdenoCA::S.26","SP.Syn.Stomach-AdenoCA::S.27","SP.Syn.Stomach-AdenoCA::S.28","SP.Syn.Stomach-AdenoCA::S.29","SP.Syn.Stomach-AdenoCA::S.30","SP.Syn.Stomach-AdenoCA::S.31","SP.Syn.Stomach-AdenoCA::S.32","SP.Syn.Stomach-AdenoCA::S.33","SP.Syn.Stomach-AdenoCA::S.34","SP.Syn.Stomach-AdenoCA::S.35","SP.Syn.Stomach-AdenoCA::S.36","SP.Syn.Stomach-AdenoCA::S.37","SP.Syn.Stomach-AdenoCA::S.38","SP.Syn.Stomach-AdenoCA::S.39","SP.Syn.Stomach-AdenoCA::S.40","SP.Syn.Stomach-AdenoCA::S.41","SP.Syn.Stomach-AdenoCA::S.42","SP.Syn.Stomach-AdenoCA::S.43","SP.Syn.Stomach-AdenoCA::S.44","SP.Syn.Stomach-AdenoCA::S.45","SP.Syn.Stomach-AdenoCA::S.46","SP.Syn.Stomach-AdenoCA::S.47","SP.Syn.Stomach-AdenoCA::S.48","SP.Syn.Stomach-AdenoCA::S.49","SP.Syn.Stomach-AdenoCA::S.50","SP.Syn.Stomach-AdenoCA::S.51","SP.Syn.Stomach-AdenoCA::S.52","SP.Syn.Stomach-AdenoCA::S.53","SP.Syn.Stomach-AdenoCA::S.54","SP.Syn.Stomach-AdenoCA::S.55","SP.Syn.Stomach-AdenoCA::S.56","SP.Syn.Stomach-AdenoCA::S.57","SP.Syn.Stomach-AdenoCA::S.58","SP.Syn.Stomach-AdenoCA::S.59","SP.Syn.Stomach-AdenoCA::MSI-H.S.1"
"SBS1",246,344,312,624,359,268,401,212,228,248,362,196,697,422,529,528,375,711,684,140,184,320,437,137,470,343,406,556,671,282,618,308,257,269,741,145,360,627,201,775,290,202,771,160,269,515,324,611,566,671,311,232,586,205,334,250,447,206,461,552,3155,1989,2735,3758,1519,2699,4028,2320,2984,2582,3540,2988,2502,2333,2172,3321,2982,2908,3935,2848,3506,2152,2548,2396,2926,3244,3010,1948,2313,3848,2301,2773,4108,1976,2123,2690,2702,1715,2292,3158,1739,1524,4167,3216,1699,2241,2874,3919,3260,2894,16789,4512,12763,19375,18294,15898,8869,27670,17225,20511,1103,722,2224,1187,2301,3080,2771,1586,2497,1269,2773,1640,1941,1867,1472,2625,2438,3007,818,2667,1910,966,2173,1416,817,2229,3163,1366,1540,1966,1865,510,548,1564,3109,3127,3246,4708,1443,1545,274,543,2093,841,2526,2117,3365,2360,1404,479,802,1439,605,999,1435,1578,594,1502,944,1448,297,330,370,350,175,59,131,309,334,270,638,122,228,190,210,78,191,242,216,290,423,353,208,305,411,289,249,308,579,478,138,328,283,368,166,210,759,705,347,378,145,612,287,616,97,122,452,313,179,412,426,593,84,96,143,627,307,232,362,5396,83,278,203,75,43,0,86,0,0,114,0,183,0,0,39,48,0,34,0,233,50,267,14,23,38,212,275,0,82,0,72,0,296,0,79,0,178,0,40,78,193,0,227,146,261,141,8,184,0,314,81,31,0,0,114,105,0,90,0,576,1112,68,210,249,294,481,79,843,937,221,580,165,402,23,872,419,152,309,302,205,481,583,155,459,216,352,150,777,260,90,363,786,1699,453,61,460,915,168,183,1235,414,208,420,773,167,303,894,428,405,85,165,204,68,455,255,201,252,562,148,435,535,877,731,445,444,893,632,546,738,423,880,763,1074,369,548,798,594,472,207,732,370,410,469,397,580,467,635,640,608,538,754,518,1025,370,673,550,726,715,327,455,532,863,635,371,874,667,501,1115,279,707,188,354,862,461,380,672,408,267,423,144,31,0,102,128,0,39,134,427,72,181,0,182,318,396,41,71,666,0,0,1,637,0,405,0,0,619,276,130,0,70,433,391,179,262,403,0,633,172,446,0,0,595,0,343,245,0,0,479,193,279,253,0,494,0,0,147,9419,251,1089,2766,1778,834,1940,1741,1063,1191,1251,578,876,2132,519,3099,365,269,325,1484,791,952,1059,705,2003,1773,781,528,808,1116,2664,2699,1337,1186,389,1363,1104,1127,1503,1626,772,992,1465,2199,2090,474,1503,1647,2932,1359,1494,1863,660,1844,509,406,2192,174,2391,474,14325
"SBS2",4,830,259,1710,297,15,144,2709,417,2755,515,1049,7893,1127,2695,0,1995,2403,49,27,49,0,150,2550,1086,3242,435,845,7448,214,1057,0,825,64,2933,1000,349,6974,389,261,0,314,439,1312,545,3271,172,470,254,1335,88,1003,278,1320,194,400,513,103,0,683,0,0,0,0,0,0,0,0,0,0,0,0,0,0,0,0,0,0,0,0,0,0,0,0,0,0,0,0,0,0,0,0,0,0,0,0,0,0,0,0,0,0,0,0,0,0,0,0,0,0,0,0,0,0,0,0,0,0,0,0,0,2535,0,0,889,0,133,651,0,0,2109,0,1102,0,0,0,0,0,0,523,197,1343,2115,0,0,937,1890,1638,0,0,0,0,0,0,1855,1118,2286,858,442,0,899,0,0,0,2104,0,1272,2795,0,0,532,0,2171,0,3797,0,0,0,0,0,0,0,0,0,0,0,0,0,0,0,0,0,0,0,0,0,0,0,0,0,18,0,0,0,0,0,0,0,0,0,0,0,0,0,0,0,0,0,0,0,0,0,0,0,0,0,0,0,0,0,0,0,0,0,0,0,0,0,0,0,0,0,0,0,0,0,0,0,0,0,0,0,0,0,0,0,0,0,0,0,0,0,0,0,0,0,0,0,0,0,0,0,0,0,0,0,0,0,0,0,0,0,0,0,0,0,0,0,0,0,0,0,0,0,0,0,0,0,0,2917,0,3,0,4648,742,8522,0,4268,366,0,24,0,2565,1638,141,621,942,0,1277,2872,18,0,0,555,5278,692,2537,4864,0,0,4916,1445,0,0,772,8882,0,21329,0,80,633,2571,0,380,0,588,0,7291,2790,0,744,0,0,0,348,36,826,0,0,213,300,0,0,0,0,0,115,354,853,267,0,138,0,0,506,176,47,0,363,0,0,0,304,356,149,0,137,169,230,0,0,0,0,0,0,332,0,0,325,0,0,177,0,0,0,397,0,74,195,369,0,0,645,167,160,0,0,0,0,0,0,0,0,0,0,0,0,0,0,0,0,0,0,0,0,0,0,468,0,0,0,320,0,0,0,0,0,151,0,0,0,0,439,0,0,144,0,0,0,0,0,0,0,0,0,0,0,0,0,0,0,0,0,1008,0,0,0,0,87,0,0,726,1521,560,254,525,96,736,0,0,174,1585,0,329,0,447,0,0,0,79,0,0,0,0,0,141,0,0,399,0,0,0,0,0,309,0,0,0,0,114,332,685,45,47,0,323,76,186,362,712,0,538,0,756,836,0,0
"SBS3",1179,5575,0,3324,0,0,0,0,3473,0,0,0,0,0,4398,0,0,6041,0,0,0,0,6500,3651,0,0,3326,0,4822,6876,0,0,2949,0,0,1937,0,0,0,0,0,7002,0,560,0,2497,0,3706,11399,2665,0,2423,0,0,0,0,0,0,0,11401,0,0,0,0,0,0,0,0,0,0,0,0,0,0,0,0,0,0,0,0,0,0,0,0,0,0,0,0,0,0,0,0,0,0,0,0,0,0,0,0,0,0,0,0,0,0,0,0,0,0,0,0,0,0,0,0,0,0,0,0,0,0,0,0,0,0,14584,0,0,0,1498,0,0,0,0,0,0,0,0,0,0,3886,0,0,0,2981,0,0,0,0,2508,8369,0,3390,1585,0,20062,0,0,0,0,0,0,11169,0,0,0,0,0,0,0,0,0,0,0,0,8837,0,0,10358,0,0,0,0,0,0,0,0,0,0,0,0,0,0,0,0,0,0,0,0,0,0,0,0,0,0,0,0,0,0,0,0,0,0,0,0,0,0,0,0,0,0,0,0,0,0,0,0,0,0,0,0,0,0,0,0,0,0,0,0,0,0,0,0,0,0,0,0,0,0,0,0,0,0,0,0,0,0,0,0,0,0,0,0,0,0,0,0,0,0,0,0,0,0,0,0,0,0,0,0,0,0,0,0,0,0,0,0,0,0,0,0,0,0,0,0,0,0,0,6959,0,0,0,0,12156,0,0,0,0,0,0,0,0,0,0,0,0,0,0,0,0,0,0,0,0,0,0,0,0,0,0,0,7739,0,11394,0,0,5263,0,0,0,4789,0,0,0,0,0,0,0,0,0,0,0,0,0,0,0,9263,0,5020,3044,9981,2979,6298,1239,4642,3631,4991,7556,10590,2113,2252,6764,1530,1805,4797,4022,8358,3612,5442,1125,3698,1089,11912,4433,10538,3099,3510,4408,7838,12122,9703,4988,6347,6096,3848,2768,4014,4584,6046,2069,4441,1923,3665,1682,11147,8117,4574,1547,7861,1964,5477,6528,9655,2090,3474,5287,0,0,0,0,0,0,0,0,0,0,0,0,0,0,0,0,0,0,0,0,0,0,0,0,0,0,0,0,0,0,0,0,0,0,0,0,0,0,0,0,0,0,0,0,0,0,0,0,0,0,0,0,0,0,0,0,0,0,0,0,0,0,0,0,0,0,0,0,0,0,0,0,0,0,0,0,0,0,0,0,0,0,1179,162,0,0,0,2523,0,0,0,0,0,0,0,0,0,618,0,0,0,0,0,0,0,0,0,0,0,0,0,0,0,0,0,0,13946,0,0,0
"SBS4",0,0,0,0,0,0,0,0,0,0,0,0,0,0,0,0,0,0,0,0,0,0,0,0,0,0,0,0,0,0,0,0,0,0,0,0,0,0,0,0,0,0,0,0,0,0,0,0,0,0,0,0,0,0,0,0,0,0,0,0,0,0,0,0,0,0,0,0,0,0,0,0,0,0,0,0,0,0,0,0,0,0,0,0,0,0,0,0,0,0,0,0,0,0,0,0,0,0,0,0,0,0,0,0,0,0,0,0,0,0,0,0,0,0,0,0,0,0,0,0,0,0,0,0,0,0,0,0,0,0,0,0,0,0,0,0,0,0,0,0,0,0,0,0,0,0,0,0,0,0,0,0,0,0,0,0,0,0,0,0,0,0,0,0,0,0,0,0,0,0,0,0,0,0,0,0,0,0,0,0,0,0,0,0,0,0,0,0,0,0,0,0,0,0,0,0,0,0,0,0,0,0,0,0,0,0,0,0,0,0,0,0,0,0,0,0,0,0,0,0,0,0,0,0,0,0,0,0,0,0,0,0,0,0,0,0,0,0,0,0,0,4202,0,801,3388,406,0,1191,0,0,0,5311,2590,0,1758,0,0,0,0,0,0,2023,0,0,0,0,0,0,1918,1152,0,2959,0,0,0,0,891,1834,4200,0,2132,1578,0,4942,0,0,1488,0,6534,0,0,0,0,0,0,0,0,0,0,19826,24018,0,0,63768,16893,41934,21953,18502,26835,40310,0,4082,38643,0,27297,7741,1599,0,0,0,0,2699,36977,25766,46857,101767,25450,0,0,30590,27396,0,30186,41333,0,25516,24280,8604,0,0,0,33554,66358,35613,59254,0,1477,43274,0,0,20070,0,61190,0,0,0,0,37316,62645,0,0,0,0,0,0,0,0,0,0,0,0,0,0,0,0,0,0,0,0,0,0,0,0,0,0,0,0,0,0,0,0,0,0,0,0,0,0,0,0,0,0,0,0,0,0,0,0,0,0,0,0,0,0,0,0,0,0,0,0,0,0,0,0,0,0,0,0,0,0,0,0,0,0,0,0,0,0,0,0,0,0,0,0,0,0,0,0,0,0,0,0,0,0,0,0,0,0,0,0,0,0,0,0,0,0,0,0,0,0,0,0,0,0,0,0,0,0,0,0,0,0,0,0,0,0,0,0,0,0,0,0,0,0,0,0,0,0,0,0,0,0,0,0,0,0,0,0,0,0,0,0,0,0,0,0,0,0,0,0,0,0,0,0,0,0,0,0,0,0,0,0,0,0,0,0,0,0
"SBS5",1760,183,1839,2271,3058,3732,1419,1858,1959,1378,1503,2208,1002,2483,1628,2084,3177,449,3993,960,510,4287,1306,429,1068,2347,4261,1287,578,833,1249,1754,1192,1584,4481,2530,4202,3444,1540,3531,2624,2904,2063,2512,1215,1407,1670,3826,1650,2496,939,2071,2113,3719,2883,2905,1357,680,597,2057,6695,2183,4149,7154,1815,5196,3948,1449,5394,2530,1011,3062,1525,1983,4808,3488,5122,1183,3191,3655,4231,1568,7085,4955,1370,4716,2484,2112,1873,3947,1801,2806,450,5027,2212,5591,1011,4872,1396,5263,2113,3031,5761,1952,0,856,3103,2109,2322,1375,33498,56939,37886,14264,9455,43202,32283,44180,38994,71846,3741,7873,6589,6867,3278,1221,2822,9272,17705,267,9160,6200,1324,6482,0,226,6222,290,837,979,6414,5960,371,1083,4156,8539,14565,3457,20541,6558,4953,13067,1022,4259,8279,5402,821,8280,295,19225,6365,7588,203,4078,1884,1852,374,5711,3057,4367,1268,8508,2140,2041,557,5319,31186,0,8469,4576,246,0,2631,408,1269,2797,2002,229,354,336,0,1431,166,0,367,633,226,135,629,322,929,1200,655,1779,960,0,1346,1128,1016,368,1467,424,989,1441,1607,1346,461,2821,689,286,1129,19,2420,588,928,1835,1252,366,1125,516,1789,109,3089,153,1865,512,2098,319,0,23904,8131,8362,8714,4437,3020,10019,7092,4077,10890,8821,10784,2285,4345,8281,14011,8724,3853,8378,7337,11760,4197,878,5339,7770,3194,15934,10827,9540,17751,8933,7023,10277,3580,7043,8892,11178,5232,4372,12589,4100,6868,8164,4710,5932,5800,2751,4514,6525,6050,5182,10254,8324,14566,6245,11508,12809,5331,17773,3701,6072,9805,31647,8163,8643,8994,3441,0,125,316,10363,21176,3776,6219,3080,10980,1398,0,0,18183,2961,1091,2869,3346,6023,4606,5593,18370,6218,16094,7773,34875,4508,1008,1375,13201,4719,1692,376,2679,3245,2332,92,20895,24690,20978,367,5740,2295,2365,8677,16729,14026,1971,680,1218,4361,1452,0,1090,714,1518,7143,887,0,3046,0,146,3130,344,906,1729,979,1288,952,5340,1604,55,468,1521,739,0,0,602,817,1264,1559,802,3309,4213,0,2447,1297,3566,0,1450,4057,0,3142,2286,3791,2759,1554,811,924,2717,1395,1036,1618,1230,1645,1053,938,0,77,362,1783,3057,1491,9692,3346,4659,0,6345,5082,0,375,0,5073,2625,2096,0,2223,540,18732,872,0,6468,1255,2972,12582,3042,623,1361,8747,9412,0,1098,7074,5957,54,0,17230,6512,1846,2630,3549,5730,2999,2589,5890,12702,5059,2167,3084,1127,3078,2816,1962,517,3239,4579,6819,0,0,3179,434,18653,357,2547,2878,500,1168,162,12663,3482,830,3501,13270,7326,4946,17476,4370,550,3632,12566,1293,611,465,4454,1150,5251,11114,2264,6636,4487,4022,3778,13407,5297,3098,7022,6548,5074,13,0,0,3018,0,1173,709,15487,4550,4615,10545,6725,1013,163,4769,1141,10775,26079,178,3972,361,7677,14895,29839
"SBS7a",0,0,0,0,0,0,0,0,0,0,0,0,0,0,0,0,0,0,0,0,0,0,0,0,0,0,0,0,0,0,0,0,0,0,0,0,0,0,0,0,0,0,0,0,0,0,0,0,0,0,0,0,0,0,0,0,0,0,0,0,0,0,0,0,0,0,0,0,0,0,0,0,0,0,0,0,0,0,0,0,0,0,0,0,0,0,0,0,0,0,0,0,0,0,0,0,0,0,0,0,0,0,0,0,0,0,0,0,0,0,0,0,0,0,0,0,0,0,0,0,0,0,0,0,0,0,0,0,0,0,0,0,0,0,0,0,0,0,0,0,0,0,0,0,0,0,0,0,0,0,0,0,0,0,0,0,0,0,0,0,0,0,0,0,0,0,0,0,0,0,0,0,0,0,0,0,0,0,0,0,0,0,0,0,0,0,0,0,0,0,0,0,0,0,0,0,0,0,0,0,0,0,0,0,0,0,0,0,0,0,0,0,0,0,0,0,0,0,0,0,0,0,0,0,0,0,0,0,0,0,0,0,0,0,0,0,0,0,0,0,0,0,0,0,0,0,0,0,0,0,0,0,0,0,0,0,0,0,0,0,0,0,0,0,0,0,0,0,0,0,0,0,0,0,0,0,0,0,0,0,0,0,0,0,0,0,0,0,0,0,0,0,0,0,0,0,0,0,0,0,0,0,0,0,0,0,0,0,0,0,0,0,0,0,0,0,0,0,0,0,0,0,0,0,0,0,0,0,0,0,0,0,0,0,0,0,0,0,0,0,0,0,0,0,0,0,0,0,0,0,0,0,0,0,0,0,0,0,0,0,0,0,0,0,0,0,0,0,0,0,0,0,0,0,0,0,0,0,0,0,0,0,0,0,0,0,0,0,0,0,0,0,0,0,0,0,0,0,0,0,0,0,0,0,0,0,0,0,0,0,0,0,0,0,0,0,0,14144,9087,56528,158928,0,0,37811,170919,0,117655,8916,51197,9356,31504,75203,66426,0,151121,23678,327811,278676,21029,21779,38541,284,24769,63268,148100,26300,39270,18916,0,51515,110887,0,218190,193,27568,22959,0,0,109473,106543,45751,61617,55453,210490,147221,87434,368816,8140,90297,35685,89668,29252,10094,184190,258591,7790,19287,0,0,0,0,0,0,0,0,0,0,0,0,0,0,0,0,0,0,0,0,0,0,0,0,0,0,0,0,0,0,0,0,0,0,0,0,0,0,0,0,0,0,0,0,0,0,0,0,0,0,0,0,0,0,0,0,0,0,0,0
"SBS7b",0,0,0,0,0,0,0,0,0,0,0,0,0,0,0,0,0,0,0,0,0,0,0,0,0,0,0,0,0,0,0,0,0,0,0,0,0,0,0,0,0,0,0,0,0,0,0,0,0,0,0,0,0,0,0,0,0,0,0,0,0,0,0,0,0,0,0,0,0,0,0,0,0,0,0,0,0,0,0,0,0,0,0,0,0,0,0,0,0,0,0,0,0,0,0,0,0,0,0,0,0,0,0,0,0,0,0,0,0,0,0,0,0,0,0,0,0,0,0,0,0,0,0,0,0,0,0,0,0,0,0,0,0,0,0,0,0,0,0,0,0,0,0,0,0,0,0,0,0,0,0,0,0,0,0,0,0,0,0,0,0,0,0,0,0,0,0,0,0,0,0,0,0,0,0,0,0,0,0,0,0,0,0,0,0,0,0,0,0,0,0,0,0,0,0,0,0,0,0,0,0,0,0,0,0,0,0,0,0,0,0,0,0,0,0,0,0,0,0,0,0,0,0,0,0,0,0,0,0,0,0,0,0,0,0,0,0,0,0,0,0,0,0,0,0,0,0,0,0,0,0,0,0,0,0,0,0,0,0,0,0,0,0,0,0,0,0,0,0,0,0,0,0,0,0,0,0,0,0,0,0,0,0,0,0,0,0,0,0,0,0,0,0,0,0,0,0,0,0,0,0,0,0,0,0,0,0,0,0,0,0,0,0,0,0,0,0,0,0,0,0,0,0,0,0,0,0,0,0,0,0,0,0,0,0,0,0,0,0,0,0,0,0,0,0,0,0,0,0,0,0,0,0,0,0,0,0,0,0,0,0,0,0,0,0,0,0,0,0,0,0,0,0,0,0,0,0,0,0,0,0,0,0,0,0,0,0,0,0,0,0,0,0,0,0,0,0,0,0,0,0,0,0,0,0,0,0,0,0,0,0,0,0,0,0,0,0,3702,34592,19328,28243,0,31592,949,10076,13016,3749,16016,0,2279,20949,9758,771,41361,98133,94313,20685,33101,0,555,23761,33579,7943,1885,55799,0,5383,31052,6882,17201,8460,35695,1745,3845,16296,19370,29236,14381,42950,2008,24520,26112,20736,96886,0,54489,24044,18717,0,1069,5933,2257,17147,0,0,0,25400,0,0,0,0,0,0,0,0,0,0,0,0,0,0,0,0,0,0,0,0,0,0,0,0,0,0,0,0,0,0,0,0,0,0,0,0,0,0,0,0,0,0,0,0,0,0,0,0,0,0,0,0,0,0,0,0,0,0,0,0
"SBS7c",0,0,0,0,0,0,0,0,0,0,0,0,0,0,0,0,0,0,0,0,0,0,0,0,0,0,0,0,0,0,0,0,0,0,0,0,0,0,0,0,0,0,0,0,0,0,0,0,0,0,0,0,0,0,0,0,0,0,0,0,0,0,0,0,0,0,0,0,0,0,0,0,0,0,0,0,0,0,0,0,0,0,0,0,0,0,0,0,0,0,0,0,0,0,0,0,0,0,0,0,0,0,0,0,0,0,0,0,0,0,0,0,0,0,0,0,0,0,0,0,0,0,0,0,0,0,0,0,0,0,0,0,0,0,0,0,0,0,0,0,0,0,0,0,0,0,0,0,0,0,0,0,0,0,0,0,0,0,0,0,0,0,0,0,0,0,0,0,0,0,0,0,0,0,0,0,0,0,0,0,0,0,0,0,0,0,0,0,0,0,0,0,0,0,0,0,0,0,0,0,0,0,0,0,0,0,0,0,0,0,0,0,0,0,0,0,0,0,0,0,0,0,0,0,0,0,0,0,0,0,0,0,0,0,0,0,0,0,0,0,0,0,0,0,0,0,0,0,0,0,0,0,0,0,0,0,0,0,0,0,0,0,0,0,0,0,0,0,0,0,0,0,0,0,0,0,0,0,0,0,0,0,0,0,0,0,0,0,0,0,0,0,0,0,0,0,0,0,0,0,0,0,0,0,0,0,0,0,0,0,0,0,0,0,0,0,0,0,0,0,0,0,0,0,0,0,0,0,0,0,0,0,0,0,0,0,0,0,0,0,0,0,0,0,0,0,0,0,0,0,0,0,0,0,0,0,0,0,0,0,0,0,0,0,0,0,0,0,0,0,0,0,0,0,0,0,0,0,0,0,0,0,0,0,0,0,0,0,0,0,0,0,0,0,0,0,0,0,0,0,0,0,0,0,0,0,0,0,0,0,0,0,0,0,0,0,0,1912,0,0,1370,22649,346,15831,482,0,1676,0,1185,399,0,15079,6639,16716,2896,0,9478,20700,0,671,1856,131,4706,14478,14,167,4589,4886,3669,13882,2837,51,1063,9554,2210,9379,16764,5371,23324,155,8,0,7836,0,8453,7898,21072,0,0,4187,0,0,13924,11928,563,114,3713,0,0,0,0,0,0,0,0,0,0,0,0,0,0,0,0,0,0,0,0,0,0,0,0,0,0,0,0,0,0,0,0,0,0,0,0,0,0,0,0,0,0,0,0,0,0,0,0,0,0,0,0,0,0,0,0,0,0,0,0
"SBS7d",0,0,0,0,0,0,0,0,0,0,0,0,0,0,0,0,0,0,0,0,0,0,0,0,0,0,0,0,0,0,0,0,0,0,0,0,0,0,0,0,0,0,0,0,0,0,0,0,0,0,0,0,0,0,0,0,0,0,0,0,0,0,0,0,0,0,0,0,0,0,0,0,0,0,0,0,0,0,0,0,0,0,0,0,0,0,0,0,0,0,0,0,0,0,0,0,0,0,0,0,0,0,0,0,0,0,0,0,0,0,0,0,0,0,0,0,0,0,0,0,0,0,0,0,0,0,0,0,0,0,0,0,0,0,0,0,0,0,0,0,0,0,0,0,0,0,0,0,0,0,0,0,0,0,0,0,0,0,0,0,0,0,0,0,0,0,0,0,0,0,0,0,0,0,0,0,0,0,0,0,0,0,0,0,0,0,0,0,0,0,0,0,0,0,0,0,0,0,0,0,0,0,0,0,0,0,0,0,0,0,0,0,0,0,0,0,0,0,0,0,0,0,0,0,0,0,0,0,0,0,0,0,0,0,0,0,0,0,0,0,0,0,0,0,0,0,0,0,0,0,0,0,0,0,0,0,0,0,0,0,0,0,0,0,0,0,0,0,0,0,0,0,0,0,0,0,0,0,0,0,0,0,0,0,0,0,0,0,0,0,0,0,0,0,0,0,0,0,0,0,0,0,0,0,0,0,0,0,0,0,0,0,0,0,0,0,0,0,0,0,0,0,0,0,0,0,0,0,0,0,0,0,0,0,0,0,0,0,0,0,0,0,0,0,0,0,0,0,0,0,0,0,0,0,0,0,0,0,0,0,0,0,0,0,0,0,0,0,0,0,0,0,0,0,0,0,0,0,0,0,0,0,0,0,0,0,0,0,0,0,0,0,0,0,0,0,0,0,0,0,0,0,0,0,0,0,0,0,0,0,0,0,0,0,0,0,0,1715,13794,10347,10135,0,0,10522,932,8797,288,8592,2719,0,2202,1244,2280,8194,5693,3941,1621,815,5388,1783,7801,1677,3043,3715,272,0,5365,2736,7129,6687,1923,6844,715,1230,2478,769,983,503,3603,282,0,0,902,2049,1239,1235,1146,0,4958,4060,2995,849,4628,2892,2084,7918,8486,0,0,0,0,0,0,0,0,0,0,0,0,0,0,0,0,0,0,0,0,0,0,0,0,0,0,0,0,0,0,0,0,0,0,0,0,0,0,0,0,0,0,0,0,0,0,0,0,0,0,0,0,0,0,0,0,0,0,0,0
"SBS12",0,0,0,0,0,0,0,0,0,0,0,0,0,0,0,0,0,0,0,0,0,0,0,0,0,0,0,0,0,0,0,0,0,0,0,0,0,0,0,0,0,0,0,0,0,0,0,0,0,0,0,0,0,0,0,0,0,0,0,0,0,0,0,0,0,0,0,0,0,0,0,0,0,0,0,0,0,0,0,0,0,0,0,0,0,0,0,0,0,0,0,0,0,0,0,0,0,0,0,0,0,0,0,0,0,0,0,0,0,0,0,0,0,0,0,0,0,0,0,0,0,0,0,0,0,0,0,0,0,0,0,0,0,0,0,0,0,0,0,0,0,0,0,0,0,0,0,0,0,0,0,0,0,0,0,0,0,0,0,0,0,0,0,0,0,0,0,0,0,0,0,0,0,0,0,0,0,0,0,0,0,0,0,0,0,0,0,0,0,0,0,0,0,0,0,0,0,0,0,0,0,0,0,0,0,0,0,0,0,0,0,0,0,0,0,0,0,0,0,0,0,0,0,0,0,0,0,0,0,0,0,0,0,0,0,0,0,0,0,0,0,0,2715,0,1994,1411,4661,1961,5443,2499,0,804,0,2138,1453,1273,3670,1372,1150,502,0,0,795,0,0,0,2531,2483,0,3920,2192,0,1298,2602,1284,4240,0,749,0,0,0,5230,2032,0,1071,3251,0,0,3898,2882,1734,0,2314,2849,0,2857,0,0,0,0,0,0,0,0,0,0,0,0,0,0,0,0,0,0,0,0,0,0,0,0,0,0,0,0,0,0,0,0,0,0,0,0,0,0,0,0,0,0,0,0,0,0,0,0,0,0,0,0,0,0,0,0,0,0,0,0,0,0,0,0,0,0,0,0,0,0,0,0,0,0,0,0,0,0,0,0,0,0,0,0,0,0,0,0,0,0,0,0,0,0,0,0,0,0,0,0,0,0,0,0,0,0,0,0,0,0,0,0,0,0,0,0,0,0,0,0,0,0,0,0,0,0,0,0,0,0,0,0,0,0,0,0,0,0,0,0,0,0,0,0,0,0,0,0,0,0,0,0,0,0,0,0,0,0,0,0,0,0,0,0,0,0,0,0,0,0,0,0,0,0,0,0,0,0,0,0,0,0,0,0,0,0,0,0,0,0,0,0,0,0,0,0,0,0,0,0,0,0,0,0,0,0,0,0,0,0,0,0,0,0,0,0,0,0,0,0,0,0,0,0,0,0,0,0,0,0,0,0,0,0,0,0,0,0,0,0,0
"SBS13",865,4758,389,2919,23,270,123,0,22,8554,948,566,17,1316,848,281,26,3421,0,1602,0,197,76,225,1119,3734,89,0,1362,869,937,124,301,686,0,634,1408,77,775,113,5824,373,0,136,490,340,1086,1781,1099,1993,123,488,168,332,28,100,1203,21,7,7021,0,0,0,0,0,0,0,0,0,0,0,0,0,0,0,0,0,0,0,0,0,0,0,0,0,0,0,0,0,0,0,0,0,0,0,0,0,0,0,0,0,0,0,0,0,0,0,0,0,0,0,0,0,0,0,0,0,0,0,0,0,0,0,0,0,0,145,0,0,0,0,0,0,1988,0,1220,545,1214,0,0,0,1678,308,0,0,0,0,0,2501,2034,0,0,0,0,2637,421,1052,0,0,0,482,0,0,2536,1404,73,638,1487,474,1369,1055,0,1258,0,0,0,1282,0,0,0,0,0,0,0,0,0,0,0,0,0,0,0,533,0,0,0,0,0,0,0,0,0,0,0,0,0,0,0,0,0,0,0,0,0,0,0,0,0,0,0,86,264,0,0,0,0,0,0,0,0,0,0,0,0,0,0,0,0,0,0,0,0,0,0,0,0,0,0,0,0,0,0,0,0,0,0,0,0,0,0,0,0,0,0,0,0,0,0,0,0,0,0,0,0,0,0,0,0,0,0,0,0,0,0,0,0,0,0,0,0,0,0,0,0,0,0,0,0,0,0,2296,0,562,8102,0,4421,0,510,0,3270,3189,371,142,0,497,3728,1090,4571,0,0,0,0,0,1141,0,0,286,11404,3191,1555,1208,0,7047,0,1053,2890,0,4599,0,205,0,0,253,0,138,914,52,892,1058,4129,24,0,0,0,7409,952,3725,2314,1002,1334,0,275,572,550,0,12,804,0,1551,274,439,34,101,178,0,0,511,278,0,0,0,104,0,0,207,177,692,96,0,364,0,0,492,502,0,0,164,0,0,316,235,539,537,0,58,0,0,0,0,0,112,0,117,0,445,0,0,0,0,0,0,0,0,0,0,0,0,0,0,0,0,0,0,0,0,0,0,0,0,0,0,0,0,0,0,0,197,0,0,0,0,0,0,0,0,0,0,697,0,0,0,0,0,0,0,0,0,0,0,0,0,0,253,0,0,0,0,149,897,22,0,105,288,0,0,0,427,0,0,0,0,0,0,644,0,0,36,0,444,543,0,0,0,27,0,0,0,0,0,139,0,0,259,0,0,0,706,264,0,0,0,0,1161,26,75,765,0,0,0,86,0,63,591,309,38,0,0
"SBS16",0,0,0,0,0,0,0,0,0,0,0,0,0,0,0,0,0,0,0,0,0,0,0,0,0,0,0,0,0,0,0,0,0,0,0,0,0,0,0,0,0,0,0,0,0,0,0,0,0,0,0,0,0,0,0,0,0,0,0,0,0,0,0,0,0,0,0,0,0,0,0,0,0,0,0,0,0,0,0,0,0,0,0,0,0,0,0,0,0,0,0,0,0,0,0,0,0,0,0,0,0,0,0,0,0,0,0,0,0,0,0,0,0,0,0,0,0,0,0,0,0,0,0,0,0,0,0,0,0,0,0,0,0,0,0,0,0,0,0,0,0,0,0,0,0,0,0,0,0,0,0,0,0,0,0,0,0,0,0,0,0,0,0,0,0,0,0,0,0,0,0,0,0,0,0,0,0,0,0,0,0,0,0,0,0,0,0,0,0,0,0,0,0,0,0,0,0,0,0,0,0,0,0,0,0,0,0,0,0,0,0,0,0,0,0,0,0,0,0,0,0,0,0,0,0,0,0,0,0,0,0,0,0,0,0,0,0,0,0,0,2365,0,0,1087,0,1094,0,0,0,0,0,0,1917,0,0,0,0,901,0,0,0,0,0,0,0,908,0,0,908,1246,0,0,0,0,0,0,0,0,0,0,0,1526,0,0,0,0,727,1128,0,0,0,0,0,1662,0,0,0,2337,0,0,0,0,0,0,0,0,0,0,0,0,0,0,0,0,0,0,0,0,0,0,0,0,0,0,0,0,0,0,0,0,0,0,0,0,0,0,0,0,0,0,0,0,0,0,0,0,0,0,0,0,0,0,0,0,0,0,0,0,0,0,0,0,0,0,0,0,0,0,0,0,0,0,0,0,0,0,0,0,0,0,0,0,0,0,0,0,0,0,0,0,0,0,0,0,0,0,0,0,0,0,0,0,0,0,0,0,0,0,0,0,0,0,0,0,0,0,0,0,0,0,0,0,0,0,0,0,0,0,0,0,0,0,0,0,0,0,0,0,0,0,0,0,0,0,0,0,0,0,0,0,0,0,0,0,0,0,0,0,0,0,0,0,0,0,0,0,0,0,0,0,0,0,0,0,0,0,0,0,0,0,0,0,0,0,0,0,0,0,0,0,0,0,0,0,0,0,0,0,0,0,0,0,0,0,0,0,0,0,0,0,0,0,0,0,0,0,0,0,0,0,0,0,0,0,0,0,0,0,0,0,0,0,0,0,0,0,0
"SBS17a",0,0,0,0,0,0,0,0,0,0,0,0,0,0,0,0,0,0,0,0,0,0,0,0,0,0,0,0,0,0,0,0,0,0,0,0,0,0,0,0,0,0,0,0,0,0,0,0,0,0,0,0,0,0,0,0,0,0,0,326,0,0,532,968,0,0,0,705,0,0,0,0,0,0,0,0,0,0,0,0,0,0,0,0,0,0,0,0,0,0,0,0,0,0,0,0,0,0,0,0,0,0,0,0,0,0,0,0,0,0,0,0,0,0,0,0,0,0,0,0,3541,2455,1026,9966,7461,7458,0,2022,335,3713,2204,4988,0,525,839,9314,14638,1422,806,0,841,7103,0,0,9687,11401,2402,1410,1456,3196,4732,816,8835,113,3416,6349,1814,6043,536,9825,82,2240,970,886,5468,2840,2218,394,1945,556,2923,8246,755,1373,41,4142,1713,0,0,51,0,0,0,0,0,0,0,0,0,0,0,0,0,0,0,0,0,0,0,0,0,0,0,0,0,0,0,0,0,0,0,0,0,0,0,0,0,0,0,0,0,0,0,0,0,0,0,0,0,0,0,0,0,0,0,0,0,0,0,0,0,0,0,0,0,0,0,0,0,0,0,0,0,0,0,0,0,0,0,0,0,0,0,0,0,0,0,0,0,0,0,0,0,0,0,0,0,0,0,0,0,0,0,0,0,0,0,0,0,0,0,0,0,0,0,0,0,0,0,0,0,0,0,0,0,0,0,0,0,0,0,0,4356,0,0,0,0,0,0,0,0,0,0,0,0,1618,0,0,0,0,0,0,0,0,1147,0,2284,0,0,0,0,0,0,0,0,0,0,0,802,0,0,0,0,0,0,376,0,0,0,0,0,0,0,0,0,0,0,0,0,0,0,0,0,0,0,0,0,0,0,0,0,0,0,0,0,0,0,0,0,0,0,0,0,0,0,0,0,0,0,0,0,0,0,0,0,0,0,0,0,0,0,0,0,0,0,0,0,0,0,0,0,0,0,0,0,0,0,0,0,0,0,0,0,0,0,0,0,0,0,0,0,0,0,0,0,0,0,0,0,0,0,0,0,0,0,0,0,0,0,0,0,0,0,0,0,0,0,0,0,0,0,0,0,0,0,0,0,0,245,914,1591,116,0,0,464,94,1707,8558,2019,3380,48,133,70,899,312,2731,0,18,645,339,0,0,542,3404,13,565,830,361,771,1560,6174,0,0,0,48,1082,0,0,0,7,692,633,1080,2784,3319,709,348,0,620,1413,958,3236,0,876,2473,547,0
"SBS17b",0,0,0,0,0,0,0,0,0,0,0,0,0,0,0,0,0,0,0,0,0,0,0,0,0,0,0,0,0,0,0,0,0,0,0,0,0,0,0,0,0,0,0,0,999,0,0,0,0,0,0,0,0,0,0,0,0,0,0,0,0,0,0,0,0,0,0,0,0,0,0,11691,0,0,0,0,0,0,0,0,0,0,0,0,1489,0,0,0,0,0,0,0,0,0,0,0,0,0,0,0,5698,0,6730,0,0,0,0,0,0,0,0,0,0,0,0,0,0,0,0,0,1282,0,13601,3394,10295,1292,6145,671,5083,2564,1848,5899,11363,1473,17656,759,0,410,2605,2430,2896,5330,28193,115,7231,1968,22593,6789,4904,4856,5253,154,356,0,5265,19244,2598,8746,162,5467,2610,11537,6429,1111,6239,14749,1013,6832,0,6433,2012,2873,439,2375,37956,16304,6602,9465,4256,788,0,0,0,0,0,0,0,0,0,0,0,0,0,0,0,0,0,0,0,0,0,0,0,0,0,0,0,0,0,0,0,0,0,0,0,0,0,0,0,0,0,0,0,0,0,0,0,0,0,0,0,0,0,0,0,0,0,0,0,0,0,0,0,0,0,0,0,0,0,0,0,0,0,0,0,0,0,0,0,0,0,0,0,0,0,0,0,0,0,0,0,0,0,0,0,0,0,0,0,0,0,0,0,0,0,0,0,0,0,0,0,0,0,0,836,0,0,0,0,0,0,0,0,0,0,0,0,7614,0,0,0,0,0,0,0,0,0,0,0,0,3053,0,0,0,0,0,0,0,0,0,0,0,0,0,0,0,0,0,0,0,0,0,0,0,0,0,0,0,0,0,0,0,0,0,0,0,0,0,0,0,0,0,0,0,0,0,0,0,0,0,0,0,0,0,0,0,0,0,0,0,0,0,0,0,0,0,0,0,0,0,0,0,0,0,0,0,0,0,0,0,0,0,0,0,0,0,0,0,0,0,0,0,0,0,0,0,0,0,0,0,0,0,0,0,0,0,0,0,0,0,0,0,0,0,0,0,0,0,0,0,0,0,0,0,0,0,0,0,0,0,0,0,0,0,0,0,0,0,0,0,0,0,0,0,0,0,0,0,0,0,0,0,0,0,0,0,0,2378,4329,21514,8831,4529,400,20,6757,0,0,165,672,0,476,682,4694,0,18,2165,6338,842,0,937,1053,1484,5325,2086,0,0,0,1,9727,4141,609,0,395,6826,0,1646,0,2157,12891,3397,820,0,1143,14,0,11447,0,3594,6898,3279,606,1801,4448,0,0,5409,0
"SBS18",984,0,0,462,481,0,444,379,0,0,0,0,747,0,0,318,1152,0,473,545,0,587,0,425,907,379,0,0,334,217,0,0,328,0,0,0,0,394,338,629,0,0,697,0,0,0,408,822,592,563,0,294,0,0,0,553,0,0,354,1017,5580,2635,3347,3425,5979,866,3357,4113,2513,4282,4428,4207,3601,4928,0,4289,5191,4679,6169,3468,0,3110,3642,5577,4473,4238,3460,630,995,0,4619,0,0,7452,3594,3622,0,7827,0,4212,5331,3241,2426,2384,1654,4282,3161,2763,1715,1022,0,0,0,0,0,0,0,0,0,0,3892,1300,0,2722,1884,4359,0,0,2072,0,0,0,0,3796,2270,1977,1584,0,0,0,0,3304,0,2722,0,1679,4158,0,0,0,0,685,0,0,2332,1617,0,0,1716,0,0,0,0,0,1256,0,0,1247,2822,10004,0,1570,0,1558,0,0,5495,4711,4345,0,0,0,0,0,0,0,0,0,0,0,0,0,0,0,0,0,0,0,0,0,0,0,0,0,0,0,0,0,0,0,0,0,0,0,0,0,0,0,0,0,0,0,0,0,0,0,0,0,0,0,0,0,0,0,0,0,0,0,0,0,0,0,0,0,0,0,0,0,0,0,0,0,0,0,0,0,0,0,0,0,0,0,0,0,0,0,0,0,0,0,0,0,0,0,0,0,0,0,0,0,0,0,0,0,0,0,0,0,0,0,0,0,0,0,0,0,0,0,0,0,0,0,0,0,1823,0,0,0,0,0,4406,0,0,1344,1438,0,0,0,0,0,0,0,0,0,112,0,0,0,0,0,0,0,0,0,0,0,0,901,0,1106,536,1231,0,3812,0,170,0,0,0,0,0,0,345,117,0,0,0,0,1995,0,1031,0,0,0,0,0,0,0,0,0,0,0,0,0,0,0,0,0,0,509,0,0,0,0,0,0,638,0,0,314,331,0,0,0,0,0,0,0,0,0,0,0,0,0,0,0,0,0,0,0,623,0,0,0,405,0,0,0,0,0,0,0,0,0,0,0,0,0,0,0,0,0,0,0,0,0,0,0,0,0,0,0,0,0,0,0,0,0,0,0,0,0,0,0,0,0,0,0,0,0,0,0,0,0,0,0,0,0,0,0,0,0,0,0,0,0,0,0,899,208,5262,3858,0,5932,6940,1012,0,671,2686,1407,0,5809,0,1226,419,730,2693,1078,2971,0,0,1394,1766,0,0,0,1053,0,7426,3433,0,0,1094,0,0,0,0,349,3331,2080,3383,0,737,0,2878,667,2859,4914,0,2565,0,0,2536,657,0,728,0
"SBS22",0,0,0,0,0,0,0,0,0,0,0,0,0,0,0,0,0,0,0,0,0,0,0,0,0,0,0,0,0,0,0,0,0,0,0,0,0,0,0,0,0,0,0,0,0,0,0,0,0,0,0,0,0,0,0,0,0,0,0,0,0,0,0,0,0,0,0,0,0,0,0,0,0,0,0,0,0,0,0,0,0,0,0,0,0,0,0,0,0,0,0,0,0,0,0,0,0,0,0,0,0,0,0,0,0,0,0,0,0,0,0,0,0,0,0,0,0,0,0,0,0,0,0,0,0,0,0,0,0,0,0,0,0,0,0,0,0,0,0,0,0,0,0,0,0,0,0,0,0,0,0,0,0,0,0,0,0,0,0,0,0,0,0,0,0,0,0,0,0,0,0,0,0,0,0,0,0,0,0,0,0,0,0,0,0,0,0,0,0,0,0,0,0,0,0,0,0,0,0,0,0,0,0,0,0,0,0,0,0,0,0,0,4201,0,0,0,0,0,0,0,0,0,0,0,0,0,0,0,0,0,0,0,0,0,0,0,0,0,0,0,0,0,0,0,0,0,0,0,0,0,0,0,0,0,0,0,0,0,0,0,0,0,0,0,0,0,0,0,0,0,0,0,0,0,0,0,0,0,0,0,0,836,0,0,0,0,0,0,0,0,3990,0,0,0,0,0,0,0,0,0,0,0,0,0,0,0,0,0,0,0,0,0,0,0,0,0,0,0,0,0,0,0,0,0,0,0,0,0,0,0,0,0,0,0,0,0,0,0,0,0,0,0,0,0,0,0,0,0,0,0,0,0,0,0,0,0,0,0,0,0,0,0,0,0,0,0,0,0,0,0,0,0,0,0,0,0,0,0,0,0,0,0,0,0,0,0,0,0,0,0,0,0,0,0,0,0,0,0,0,0,0,0,0,0,0,0,0,0,0,0,0,0,0,0,0,0,0,0,0,0,0,0,0,0,0,0,0,0,0,0,0,0,0,0,0,0,0,0,0,0,0,0,0,0,0,0,0,0,0,0,0,0,0,0,0,0,0,0,0,0,0,0,0,0,0,0,0,0,0,0,0,0,0,0,0,0,0,0,0,0,0,0,0,0,0,0,0,0,0,0,0,0,0,0,0,0,0,0,0,0,0,0,0,0,0,0,0,0,0,0,0,0,0,0,0,0,0,0,0,0,0,0,0,0,0,0,0,0,0,0,0,0,0,0,0,0,0
"SBS28",0,0,0,0,0,0,0,0,0,0,0,0,0,0,0,0,0,0,0,0,0,0,0,0,0,0,0,0,0,0,0,0,0,0,0,0,0,0,0,0,0,0,0,0,0,0,0,0,0,0,0,0,0,0,0,0,0,0,0,0,0,0,0,0,0,0,291,0,0,0,0,0,0,0,0,0,0,0,0,0,0,0,0,0,0,0,0,0,0,0,0,0,0,0,0,362,0,0,0,0,0,0,0,0,399,0,0,233,0,0,0,0,0,0,0,0,0,0,0,0,0,0,0,0,0,0,0,0,0,0,0,0,0,0,0,0,0,0,0,0,0,0,0,0,0,0,0,0,0,0,0,0,0,0,0,0,0,0,6103,0,0,0,0,0,0,0,0,0,0,0,0,0,0,0,0,0,0,5070,10440,0,0,0,0,0,0,0,0,0,0,0,0,0,0,0,0,0,0,0,0,0,0,0,0,0,0,0,0,0,0,0,0,0,0,0,0,0,0,0,0,0,0,0,0,0,0,0,0,0,0,0,0,0,0,0,0,0,0,0,0,0,0,0,0,0,0,0,0,0,0,0,0,0,0,0,0,0,0,0,0,0,0,0,0,0,0,0,0,0,0,0,0,0,0,0,0,0,0,0,0,0,0,0,0,0,0,0,0,0,0,0,0,0,0,0,0,0,0,0,0,0,0,0,0,0,0,0,0,0,0,0,0,0,0,0,0,0,0,0,0,0,0,0,0,0,0,0,0,0,0,0,0,0,0,0,0,0,0,0,0,0,0,0,0,0,0,0,0,0,0,0,0,0,0,0,0,0,0,0,0,0,0,0,0,0,0,0,0,0,0,0,0,0,0,0,0,0,0,0,0,0,0,0,0,0,0,0,0,0,0,0,0,0,0,0,0,0,0,0,0,0,0,0,0,0,0,0,0,0,0,0,0,0,0,0,0,0,0,0,0,0,0,0,0,0,0,0,0,0,0,0,0,0,0,0,0,0,0,0,0,0,0,0,0,0,0,0,0,0,0,0,0,0,0,0,0,0,0,0,0,0,0,0,0,0,0,0,0,0,0,0,0,0,0,0,0,0,0,0,0,0,0,0,0,0,0,878,0,0,0,0,0,0,0,0,0,0,0,0,0,0,0,0,0,0,0,0,0,0,0,0,0,0,0,0,0,0,715,0,0,0,0,0,0,0,0,0,0,0,0,0,0,0,0,0,0,0,0
"SBS29",0,0,0,0,0,0,0,0,0,0,0,0,0,0,0,0,0,0,0,0,0,0,0,0,0,0,0,0,0,0,0,0,0,0,0,0,0,0,0,0,0,0,0,0,0,0,0,0,0,0,0,0,0,0,0,0,0,0,0,0,0,0,0,0,0,0,0,0,0,0,0,0,0,0,0,0,0,0,0,0,0,0,0,0,0,0,0,0,0,0,0,0,0,0,0,0,0,0,0,0,0,0,0,0,0,0,0,0,0,0,0,0,0,0,0,0,0,0,0,0,0,0,0,0,0,0,0,0,0,0,0,0,0,0,0,0,0,0,0,0,0,0,0,0,0,0,0,0,0,0,0,0,0,0,0,0,0,0,0,0,0,0,0,0,0,0,0,0,0,0,0,0,0,0,0,0,0,0,0,0,0,0,0,0,0,0,0,0,0,0,0,0,0,0,0,0,0,0,0,0,0,0,0,0,0,0,0,0,0,0,0,0,0,0,0,0,0,0,0,0,0,0,0,0,0,0,0,0,0,0,0,0,0,0,0,0,0,0,0,0,0,0,0,0,0,0,1493,0,0,1116,0,702,0,0,2249,0,0,1107,1505,3050,0,0,0,1089,0,0,0,2295,0,2277,0,1041,0,2032,577,2517,0,1255,0,0,0,0,0,1715,1135,1009,1157,1136,0,0,0,1242,0,0,731,0,383,0,0,0,0,0,0,0,0,0,0,0,0,0,0,0,0,0,0,0,0,0,0,0,0,0,0,0,0,0,0,0,0,0,0,0,0,0,0,0,0,0,0,0,0,0,0,0,0,0,0,0,0,0,0,0,0,0,0,0,0,0,0,0,0,0,0,0,0,0,0,0,0,0,0,0,0,0,0,0,0,0,0,0,0,0,0,0,0,0,0,0,0,0,0,0,0,0,0,0,0,0,0,0,0,0,0,0,0,0,0,0,0,0,0,0,0,0,0,0,0,0,0,0,0,0,0,0,0,0,0,0,0,0,0,0,0,0,0,0,0,0,0,0,0,0,0,0,0,0,0,0,0,0,0,0,0,0,0,0,0,0,0,0,0,0,0,0,0,0,0,0,0,0,0,0,0,0,0,0,0,0,0,0,0,0,0,0,0,0,0,0,0,0,0,0,0,0,0,0,0,0,0,0,0,0,0,0,0,0,0,0,0,0,0,0,0,0,0,0,0,0,0,0,0,0,0,0,0,0,0,0,0,0,0,0,0,0,0,0,0
"SBS35",0,0,0,0,0,0,0,177,7371,0,0,0,0,0,0,0,0,0,0,0,0,0,0,654,0,0,0,0,0,0,0,0,0,2513,0,0,0,137,0,0,0,0,0,0,0,0,0,0,0,0,0,0,0,0,0,1869,0,0,0,1209,0,2074,0,1521,0,0,0,0,0,0,0,0,0,0,0,0,0,0,0,0,0,5952,0,0,1247,0,0,0,0,0,1759,0,0,0,0,0,0,0,0,0,6790,0,0,0,0,0,4455,0,0,0,0,0,0,0,0,0,0,0,0,0,0,0,0,0,0,0,0,0,0,0,0,0,821,0,0,0,0,0,0,0,0,0,0,0,379,0,0,0,0,0,0,0,0,0,0,0,0,0,0,0,0,4272,1155,0,0,0,0,0,0,0,0,0,0,2738,0,0,0,0,0,0,844,0,0,0,0,0,0,0,0,0,3357,0,0,0,0,0,0,0,0,0,0,0,0,0,0,0,0,0,0,0,0,0,0,0,0,0,0,0,0,0,0,0,0,0,0,0,0,0,0,148,0,0,0,0,0,0,0,0,2574,0,0,934,0,0,0,0,0,0,0,0,0,0,0,0,0,0,0,0,0,0,0,0,0,0,0,8626,0,0,0,0,0,0,0,0,0,0,0,0,0,0,0,0,3539,3039,0,0,0,0,0,0,0,0,0,0,0,0,0,0,0,0,0,0,0,0,0,523,0,0,0,0,0,0,0,0,0,0,0,0,0,3303,0,0,0,0,0,0,0,0,0,0,0,0,0,0,0,0,0,0,0,0,0,0,0,0,0,0,0,0,0,0,0,0,0,0,0,0,0,0,0,0,0,0,0,678,0,0,0,0,0,0,0,0,0,0,0,0,0,0,0,0,0,0,0,0,0,0,0,0,2151,399,0,0,0,4488,0,0,0,0,0,0,0,1245,0,0,0,0,872,1421,0,0,0,0,0,0,2918,0,0,0,0,0,0,0,0,0,0,0,0,435,1062,0,3440,0,0,332,0,0,6312,0,0,0,0,0,0,0,0,0,0,0,0,0,0,0,0,0,0,0,0,1975,0,0,0,0,0,0,0,0,0,0,0,0,0,0,0,806,0,2359,0,910,0,0,431,0,0,0,0,0,0,0,250,0,0,0,0,0,0,0,1888,0,0,2462,0,0,0,0,0,0,0,0,0,0,0,0,0,0,0,0,0,0,0,0,0,0,0,0,0,0,0,0,0,0,0,0,0,0,0,0,0
"SBS38",0,0,0,0,0,0,0,0,0,0,0,0,0,0,0,0,0,0,0,0,0,0,0,0,0,0,0,0,0,0,0,0,0,0,0,0,0,0,0,0,0,0,0,0,0,0,0,0,0,0,0,0,0,0,0,0,0,0,0,0,0,0,0,0,0,0,0,0,0,0,0,0,0,0,0,0,0,0,0,0,0,0,0,0,0,0,0,0,0,0,0,0,0,0,0,0,0,0,0,0,0,0,0,0,0,0,0,0,0,0,0,0,0,0,0,0,0,0,0,0,0,0,0,0,0,0,0,0,0,0,0,0,0,0,0,0,0,0,0,0,0,0,0,0,0,0,0,0,0,0,0,0,0,0,0,0,0,0,0,0,0,0,0,0,0,0,0,0,0,0,0,0,0,0,0,0,0,0,0,0,0,0,0,0,0,0,0,0,0,0,0,0,0,0,0,0,0,0,0,0,0,0,0,0,0,0,0,0,0,0,0,0,0,0,0,0,0,0,0,0,0,0,0,0,0,0,0,0,0,0,0,0,0,0,0,0,0,0,0,0,0,0,0,0,0,0,0,0,0,0,0,0,0,0,0,0,0,0,0,0,0,0,0,0,0,0,0,0,0,0,0,0,0,0,0,0,0,0,0,0,0,0,0,0,0,0,0,0,0,0,0,0,0,0,0,0,0,0,0,0,0,0,0,0,0,0,0,0,0,0,0,0,0,0,0,0,0,0,0,0,0,0,0,0,0,0,0,0,0,0,0,0,0,0,0,0,0,0,0,0,0,0,0,0,0,0,0,0,0,0,0,0,0,0,0,0,0,0,0,0,0,0,0,0,0,0,0,0,0,0,0,0,0,0,0,0,0,0,0,0,0,0,0,0,0,0,0,0,0,0,0,0,0,0,0,0,0,0,0,0,0,0,0,0,0,0,0,0,0,0,0,0,0,0,0,0,0,0,0,0,0,0,0,0,0,0,0,0,0,0,0,0,0,0,313,0,0,0,0,0,0,878,0,0,0,0,0,0,870,0,0,0,0,0,0,0,0,0,0,0,0,0,0,0,0,0,0,490,369,0,0,0,0,0,0,0,0,0,0,0,0,0,0,0,0,0,0,0,0,0,0,0,0,0,0,0,0,0,0,0,0,0,0,0,0,0,0,0,0,0,0,0,0,0,0,0,0,0,0,0,0,0,0,0,0,0,0,0,0,0,0,0,0,0,0,0,0
"SBS40",0,0,0,0,0,0,0,0,0,0,0,0,0,3914,0,0,0,0,0,0,0,0,0,0,0,0,0,0,0,0,0,0,0,0,0,0,0,0,0,0,0,0,0,0,0,0,0,0,0,0,0,0,0,0,0,0,0,0,0,0,4078,4351,5615,5880,0,3070,0,0,9987,16586,4191,0,5079,10209,0,4424,0,2556,0,9749,7744,5899,3627,2572,8181,0,14013,0,0,0,3119,0,0,0,13260,5503,10390,0,3250,1352,10357,15036,0,0,14840,2858,0,6609,11983,11190,0,0,0,0,0,0,0,0,0,0,3527,0,0,7257,0,20563,1851,0,0,11495,0,9711,8527,0,0,0,0,7641,9764,8029,6351,13742,1698,7980,6459,0,0,15220,6433,8335,0,0,0,0,0,11567,15210,5638,2802,0,5444,0,0,9708,6437,0,6370,6359,1337,10503,8017,0,6977,0,11520,0,0,0,14958,0,8075,3264,5122,1820,6009,3158,6680,2564,6343,2653,2517,4785,3775,1940,6372,1389,4537,3458,6221,5736,4873,1532,1820,2352,3480,2080,1577,6970,6281,1795,3305,4341,1182,2967,3288,4660,2603,4079,3586,2751,6201,8979,5480,4289,11228,7036,4392,5298,6602,3784,4819,6285,3450,5392,2149,2493,2340,5740,3727,0,0,0,0,0,0,2988,0,0,0,5083,0,0,0,0,0,0,0,0,0,0,0,0,0,0,0,0,0,0,4089,7862,0,0,0,0,0,0,0,0,0,0,0,0,0,0,0,2557,0,0,0,0,0,0,0,0,0,0,0,7347,0,9760,0,0,0,8855,0,0,0,0,5025,17096,0,5648,0,0,13209,0,0,0,0,0,0,6409,0,0,0,0,0,8379,5949,3646,0,0,4303,0,4281,17560,0,16758,16668,5735,0,0,0,0,4016,0,2852,0,0,0,6157,6413,644,0,0,0,0,1506,0,4235,0,0,0,0,0,0,0,4252,0,0,0,5282,0,6220,0,0,2616,4569,0,0,0,0,0,0,4293,0,0,0,0,0,0,5346,0,0,0,0,5386,0,0,0,0,5879,0,0,0,0,0,7143,0,0,0,5157,0,0,4140,0,4202,0,8294,0,0,4082,0,0,0,0,0,0,0,0,0,0,0,0,2776,0,6361,0,0,0,0,0,0,0,0,0,0,0,0,0,0,0,0,0,0,0,6794,0,0,0,0,5233,8845,0,5019,0,1101,6772,5329,0,0,0,0,0,0,0,0,0,0,1080,10079,2493,0,0,3395,3550,0,0,1186,2291,4802,0,0,0,0,0,6004,597,0,5833,0,0,2704,2993,1164,0,0,0,5595,4642,1945,0,0,0,0,10070,0,0,0,0,1701,0,2088,0,0,1429,0,0,0,2961,0,0,6315,11892,0,1704,0
"SBS41",0,0,0,0,0,0,0,0,0,0,0,0,0,0,0,0,0,354,0,0,0,0,0,0,296,0,0,0,0,0,0,0,0,923,0,0,0,0,0,0,0,0,270,0,0,0,0,0,0,0,0,0,0,0,0,0,0,0,0,0,0,0,0,0,0,0,0,0,0,0,0,0,0,0,0,0,0,0,0,0,0,0,0,0,0,0,0,0,0,0,0,0,0,0,0,0,0,0,0,0,0,0,0,0,0,0,0,0,0,0,0,0,0,0,0,0,0,0,0,0,0,0,0,0,0,0,0,0,0,0,0,0,0,0,0,0,0,0,0,0,0,0,0,0,0,0,0,0,0,0,0,0,0,0,0,0,0,0,0,0,0,0,0,0,0,0,0,0,0,0,0,0,0,0,0,0,0,0,0,0,0,0,0,0,0,0,0,595,0,0,0,0,0,0,0,0,0,0,0,0,0,0,0,0,0,0,0,0,0,0,0,0,0,0,0,0,0,0,0,0,0,0,0,0,609,634,0,0,0,0,0,0,392,0,0,636,0,0,0,0,0,0,0,0,0,0,0,0,0,0,0,0,0,0,0,0,0,0,0,0,0,0,0,0,0,0,0,0,0,0,0,0,0,0,0,0,0,0,0,0,0,0,0,0,0,0,0,0,0,0,0,0,0,0,0,0,0,0,0,0,0,0,0,0,0,0,0,0,0,0,0,0,0,0,0,0,0,0,0,0,0,0,0,0,0,0,0,0,0,0,0,0,0,0,0,0,0,0,0,0,0,0,0,0,0,0,0,0,0,0,0,0,0,0,0,0,0,0,0,0,0,0,0,0,0,0,0,0,0,0,0,0,0,0,0,0,0,0,0,0,0,0,0,0,0,0,0,0,0,0,0,0,0,0,0,0,0,0,0,0,0,0,0,0,0,0,0,0,0,0,0,0,0,0,0,0,0,0,0,0,0,0,0,0,0,0,0,0,0,0,0,0,0,0,0,0,0,0,0,0,0,0,0,0,0,0,0,0,0,0,0,0,0,0,0,0,0,0,0,0,0,0,0,0,0,0,0,0,0,0,0,0,0,0,0,0,0,10623,5562,0,0,0,0,0,0,0,0,0,0,0,0,1930,0,0,0,0,0,0,0,0,6773,0,0,0,0,0,0,0,0,0,0,0,0,0,3597,0,0,0,0,0,0,0,0,3141,0,0,0,808,0,0,0,0,0,0,0,0,0
"SBS44",0,0,0,0,0,0,0,0,0,0,0,0,0,0,0,0,0,0,0,0,0,0,0,0,0,0,0,0,0,0,0,0,0,0,0,0,0,0,0,0,0,0,0,0,0,0,0,0,0,0,0,0,0,0,0,0,0,0,0,0,0,0,0,0,0,0,0,0,0,0,0,0,0,0,0,0,0,0,0,0,0,0,0,0,0,0,0,0,0,0,0,0,0,0,0,0,0,0,0,0,0,0,0,0,0,0,0,0,0,0,33444,29405,32365,44075,37530,33072,61684,38512,37895,41323,0,0,0,0,0,0,0,0,0,0,0,0,0,0,0,0,0,0,0,0,0,0,0,0,0,0,0,0,0,0,0,0,0,0,0,0,0,0,0,0,0,0,0,0,0,0,0,0,0,0,0,0,0,0,0,0,0,0,0,0,0,0,0,0,0,0,0,0,0,0,0,0,0,0,0,0,0,0,0,0,0,0,0,0,0,0,0,0,0,0,0,0,0,0,0,0,0,0,0,0,0,0,0,0,0,0,0,0,0,0,0,0,0,0,0,0,0,0,0,0,0,0,0,0,0,0,0,0,0,0,0,0,0,0,0,0,0,0,0,0,0,0,0,0,0,0,0,0,0,0,0,0,0,0,0,0,0,0,0,0,0,0,0,0,0,0,0,0,0,0,0,0,0,0,0,0,0,0,0,0,0,0,0,0,0,0,0,0,0,0,0,0,0,0,0,0,0,0,0,0,0,0,0,0,0,0,0,0,0,0,0,0,0,0,0,0,0,0,0,0,0,0,0,0,0,0,0,0,0,0,0,0,0,0,0,0,0,0,0,0,0,0,0,0,0,0,0,0,0,0,0,0,0,0,0,0,0,0,0,0,0,0,0,0,0,0,0,0,0,0,0,0,0,0,0,0,0,0,0,0,0,0,0,0,0,0,0,0,0,0,0,0,0,0,0,0,0,0,0,0,0,0,0,0,0,0,0,0,0,0,0,0,0,0,0,0,0,0,0,0,0,0,0,0,0,0,0,0,0,0,0,0,0,0,0,0,0,0,0,0,0,0,0,0,0,0,0,0,0,0,0,0,0,0,0,0,0,0,0,0,0,0,0,0,0,0,0,0,0,0,0,0,0,0,0,0,0,0,0,0,0,0,0,0,0,0,0,0,0,0,0,0,0,0,0,0,0,0,0,0,0,0,0,0,0,0,0,0,0,0,0,0,0,0,0,0,49513
